camera_matrix:
- - 499.0711738336294
  - 0.0
  - 316.98467139395507
- - 0.0
  - 499.1049272833421
  - 255.68217246831009
- - 0.0
  - 0.0
  - 1.0
dist_coeff:
- - 0.02061024920578034
  - -0.05078687285544427
  - -0.00021404440939124734
  - 0.00108277515216018
  - -0.10987870486992227
