camera_matrix:
- - 546.2966305123132
  - 0.0
  - 339.2878152629363
- - 0.0
  - 539.3821388268778
  - 339.9614478988136
- - 0.0
  - 0.0
  - 1.0
dist_coeff:
- - -0.4974557921590749
  - 3.5752438278434813
  - 0.04211958292745493
  - 0.01585643824941911
  - -9.843690372635313
