camera_matrix:
- - 748.171777325953
  - 0.0
  - 634.0862767726297
- - 0.0
  - 748.0660467845167
  - 386.91592084860736
- - 0.0
  - 0.0
  - 1.0
dist_coeff:
- - 0.049265157289196844
  - -0.1706216368320253
  - 0.0005127953458486697
  - -0.0009526024025771526
  - 0.06523537067007286
