camera_matrix:
- - 495.94720466489053
  - 0.0
  - 320.46691488286206
- - 0.0
  - 497.12886849338446
  - 251.72616145352936
- - 0.0
  - 0.0
  - 1.0
dist_coeff:
- - 0.0415160624408816
  - -0.1278137653929197
  - -0.0016636707693869323
  - 0.001896966504607023
  - -0.008055605072560564
